low_wavelength = 0.243232280246
center_wavelength = 0.242451998383
high_wavelength = 0.241676706752
low_freq = 1232535647.391535282135
center_freq = 1236502309.735535383224
high_freq = 1240468972.079535484314
low_bandwidth = 3966662.344000000041
center_bandwidth = 11899987.031999999657
high_bandwidth = 3966662.344000000041
